03;17515320140207;17515320140207;1;60697808;11012;2;0;39;2814491;2814491;0260697808017
04;2031430001013;0.00;17515320140207
04;2031430001013;0.00;17515320140207
04;2031430001013;0.00;17515320140207
04;2031430003246;0.00;17515320140207
04;2031430003246;0.00;17515320140207
04;2031430003246;0.00;17515320140207
04;2093940001013;0.00;17515320140207
04;2474840001011;0.00;17515320140207
04;2474840001011;0.00;17515320140207
04;2474840001011;0.00;17515320140207
04;3165140031189;0.00;17515320140207
04;3185370038420;0.00;17515320140207
04;3185370038420;0.00;17515320140207
04;3185370038420;0.00;17515320140207
04;5029977251005;0.00;17515320140207
04;8000500100608;0.00;17515320140207
04;8001120026071;0.00;17515320140207
04;8002580010716;0.00;17515320140207
04;8029906014005;0.00;17515320140207
04;8029906014005;0.00;17515320140207
04;8029906014005;0.00;17515320140207
04;8029906014005;0.00;17515320140207
04;8029906014005;0.00;17515320140207
04;8029906014005;0.00;17515320140207
04;8029906014029;0.00;17515320140207
04;8029906014029;0.00;17515320140207
04;8029906014029;0.00;17515320140207
04;8029906014029;0.00;17515320140207
04;8029906014029;0.00;17515320140207
04;8029906014029;0.00;17515320140207
04;8029906014869;0.00;17515320140207
04;8029906014869;0.00;17515320140207
04;8029906014869;0.00;17515320140207
04;8033803120196;0.00;17515320140207
04;8033803120196;0.00;17515320140207
04;8033803120196;0.00;17515320140207
04;8033803120196;0.00;17515320140207
04;8033803120196;0.00;17515320140207
04;8033803120196;0.00;17515320140207
