03;21252820140216;21252820140216;2;60072820;12003;527;0;133;159334;159334;0260072820115
04;20023133;0.00;21252820140216
04;20023133;0.00;21252820140216
04;20023188;0.00;21252820140216
04;20023188;0.00;21252820140216
04;20054199;0.00;21252820140216
04;20054199;0.00;21252820140216
04;20054199;0.00;21252820140216
04;20149918;0.00;21252820140216
04;20149918;0.00;21252820140216
04;20149918;0.00;21252820140216
04;20149918;0.00;21252820140216
04;80000532;0.00;21252820140216
04;701770117034;0.00;21252820140216
04;701770117034;0.00;21252820140216
04;3242770002663;0.00;21252820140216
04;3242770002663;0.00;21252820140216
04;3242770006517;0.00;21252820140216
04;3242770006517;0.00;21252820140216
04;3242770006517;0.00;21252820140216
04;3429281003543;0.00;21252820140216
04;8001378412633;0.00;21252820140216
04;8001378412633;0.00;21252820140216
04;8001398003057;0.00;21252820140216
04;8001398003057;0.00;21252820140216
04;8001398005013;0.00;21252820140216
04;8001398005037;0.00;21252820140216
04;8001398005037;0.00;21252820140216
04;8001398770010;0.00;21252820140216
04;8001398770010;0.00;21252820140216
04;8001398770010;0.00;21252820140216
04;8001398770010;0.00;21252820140216
04;8001398770058;0.00;21252820140216
04;8001398770256;0.00;21252820140216
04;8001398797000;0.00;21252820140216
04;8001398892002;0.00;21252820140216
04;8001398892002;0.00;21252820140216
04;8001398920705;0.00;21252820140216
04;8004064510279;0.00;21252820140216
04;8004064510279;0.00;21252820140216
04;8004064510279;0.00;21252820140216
04;8004064510279;0.00;21252820140216
04;8004064515342;0.00;21252820140216
04;8004064555812;0.00;21252820140216
04;8004064555812;0.00;21252820140216
04;8004064652771;0.00;21252820140216
04;8004064652771;0.00;21252820140216
04;8004064714813;0.00;21252820140216
04;8004064714851;0.00;21252820140216
04;8004064714851;0.00;21252820140216
04;8004064714851;0.00;21252820140216
04;8004064714875;0.00;21252820140216
04;8004064714875;0.00;21252820140216
04;8004064731056;0.00;21252820140216
04;8004064761855;0.00;21252820140216
04;8004064761855;0.00;21252820140216
04;8004064761855;0.00;21252820140216
04;8004064761855;0.00;21252820140216
04;8004064762142;0.00;21252820140216
04;8004064762159;0.00;21252820140216
04;8004064762159;0.00;21252820140216
04;8004064762159;0.00;21252820140216
04;8004064762234;0.00;21252820140216
04;8004064762234;0.00;21252820140216
04;8004064762234;0.00;21252820140216
04;8004064762272;0.00;21252820140216
04;8004064762272;0.00;21252820140216
04;8004064762654;0.00;21252820140216
04;8004064762692;0.00;21252820140216
04;8004064762692;0.00;21252820140216
04;8004064762692;0.00;21252820140216
04;8004064762692;0.00;21252820140216
04;8004064762708;0.00;21252820140216
04;8004064762791;0.00;21252820140216
04;8004064762838;0.00;21252820140216
04;8004064762838;0.00;21252820140216
04;8004064762838;0.00;21252820140216
04;8004331073100;0.00;21252820140216
04;8004331073100;0.00;21252820140216
04;8004331073209;0.00;21252820140216
04;8004817075550;0.00;21252820140216
04;8004817081179;0.00;21252820140216
04;8004817082114;0.00;21252820140216
04;8004817082114;0.00;21252820140216
04;8004927097510;0.00;21252820140216
04;8004927097534;0.00;21252820140216
04;8004927101194;0.00;21252820140216
04;8005710013106;0.00;21252820140216
04;8005710013106;0.00;21252820140216
04;8005710013106;0.00;21252820140216
04;8006819003005;0.00;21252820140216
04;8006819003005;0.00;21252820140216
04;8006819003005;0.00;21252820140216
04;8006819004002;0.00;21252820140216
04;8006819011017;0.00;21252820140216
04;8007729000566;0.00;21252820140216
04;8007729000566;0.00;21252820140216
04;8007729000566;0.00;21252820140216
04;8007729000566;0.00;21252820140216
04;8011036050206;0.00;21252820140216
04;8011036080104;0.00;21252820140216
04;8011036092206;0.00;21252820140216
04;8011036092510;0.00;21252820140216
04;8011036092800;0.00;21252820140216
04;8011036092800;0.00;21252820140216
04;8011036092800;0.00;21252820140216
04;8011036200304;0.00;21252820140216
04;8011036200304;0.00;21252820140216
04;8011036200502;0.00;21252820140216
04;8011036200502;0.00;21252820140216
04;8013148018969;0.00;21252820140216
04;8013148018969;0.00;21252820140216
04;8013148027978;0.00;21252820140216
04;8013148027978;0.00;21252820140216
04;8013148027978;0.00;21252820140216
04;8013148028227;0.00;21252820140216
04;8013148029910;0.00;21252820140216
04;8013506001206;0.00;21252820140216
04;8033313261341;0.00;21252820140216
04;8033313261341;0.00;21252820140216
04;8033313262812;0.00;21252820140216
04;8033313262812;0.00;21252820140216
04;8033604129589;0.00;21252820140216
04;8033604129589;0.00;21252820140216
04;8300001915221;0.00;21252820140216
04;8300001915221;0.00;21252820140216
04;8300001915245;0.00;21252820140216
04;8300001915313;0.00;21252820140216
04;8300001915344;0.00;21252820140216
04;8300497170425;0.00;21252820140216
04;8300497171224;0.00;21252820140216
04;8300497661039;0.00;21252820140216
04;8300497661046;0.00;21252820140216
04;8300497661060;0.00;21252820140216
04;8300497661060;0.00;21252820140216
